000000000000000000000000000000000000000000000000000000000000000000
000000000000000000000000000000000000000000000000000000000000000000
000000000000000000000000000000000000000000000000000000000000000000
001111110001111111001110011111110000000000111111111111111111111000
001111110001111111001110011111110000000000111111111111111111111000
001111110001111110001110001111110000000000111111111111111111111000
001110000001110000001110000000110000000000111000000001110000111000
001110000001110000001110000000110000000000111000000001110000111000
001110000001110000001110000000110000000000000000000001110000111000
001110000001110000001110000000110000000000000000000000100000111000
001110000001110000001110000000110000000000010000000000000000111000
001110000001110000001110000000111001111111111111111111111111111000
001110000001110000001110000000111001111111111111111111111111111000
001110000001110000001110000000111001111111111111111111111111111000
001110000001110000001110000000110000000000000000011000000000111000
001110000001110000001110000000110000000000000000011000000000111000
001111110011111111001110011111110000000011000000011000000000000000
001111110111111111101110111111110000000011000000011000000000000000
001111100011111111000100011111100000000011000000011000000000010000
000100000000000000000000000000000111000011000000011000000000111000
000000000000000000000000000000000211000011111111111000000000111000
000000000000000110000000000000000111000011111111111000000000111000
001110000000000111110011111111100000000111111111111000000000111000
001110000000000111110011111111110000001111110000111000000000111000
001110000000000111110011111111100000001111110000011000000000111000
001110000000000110000000001110000000000000000000000000000000111000
001110000000000110000000001110000000000000000000000000000000111000
001110000000000110000000001110000000000000000000000000000000010000
001110000000000110000000001110000000000000000000000000000000000000
001110000000000110000000001110000000000000000000000000000000000000
001110000000000110000000001110000000000000000000000000000000111000
001110000000000110000000001110000000000000000000000000000000111000
001110000000000110000000001110000000000000000000000000000000111000
001110000000001110000000001110000000000000000000000000000000111000
001111000111001111111111111111000000000111100011111001110011111000
001111000111001111111111111111000000000111100011111001110011111000
000000000010000000001110000000000000000011100001100000100000000000
000000000000000000000000000000000000000011100000000000000000000000
000000000000000000000000000000000000000011100000000000000000000000
000000000000000110001100000000000000000011100000000000000000000000
000000000000000311001110000000000000000011100000000000000000000000
000000000000000111001110000000000000000011100000000000000000000000
000000000000000010000100000000000000000011100000000000000000000000
000000000000000000000000000000000000000011100000000000000000000000
000000000000000000000000000000000000000011100000000000000000000000
000000000000000000001111111111000011000011100000000000000000000000
000000000000000000001111111111100111100111100000000000000000000000
000000000000000000001111111111100111100111100000000000000000000000
000000000000000000000000000000000000000000000000000000000000000000
000000000000000000000000000000000000000000000000000000000000000000
000000000000000000000000000000000000000000000000000000000000000000
